-4.33333333 -4.47446458  0.        
-4.33333333 -1.87638858  0.        
-4.33333333  0.72168742  0.        
-4.33333333  3.31976442  0.        
-3.58333333 -3.17542658  0.        
-3.58333333 -0.57735058  0.        
-3.58333333  2.02072642  0.        
-3.58333333  4.61880242  0.        
-2.08333333 -3.17542658  0.        
-2.08333333 -0.57735058  0.        
-2.08333333  2.02072642  0.        
-2.08333333  4.61880242  0.        
-1.33333333 -4.47446458  0.        
-1.33333333 -1.87638858  0.        
-1.33333333  0.72168742  0.        
-1.33333333  3.31976442  0.        
 0.16666667 -4.47446458  0.        
 0.16666667 -1.87638858  0.        
 0.16666667  0.72168742  0.        
 0.16666667  3.31976442  0.        
 0.91666667 -3.17542658  0.        
 0.91666667 -0.57735058  0.        
 0.91666667  2.02072642  0.        
 0.91666667  4.61880242  0.        
 2.41666667 -3.17542658  0.        
 2.41666667 -0.57735058  0.        
 2.41666667  2.02072642  0.        
 2.41666667  4.61880242  0.        
 3.16666667 -4.47446458  0.        
 3.16666667 -1.87638858  0.        
 3.16666667  0.72168742  0.        
 3.16666667  3.31976442  0.        
 4.66666667 -4.47446458  0.        
 4.66666667 -1.87638858  0.        
 4.66666667  0.72168742  0.        
 4.66666667  3.31976442  0.        
